20 30
1 1 468043870.000000
1 2 180715726.000000
1 3 747321621.000000
1 4 -397375559.000000
1 5 -16886346.000000
1 6 -340984221.000000
1 7 712043093.000000
1 8 -618109083.000000
1 9 966517802.000000
1 10 698383903.000000
1 11 -407365184.000000
1 12 -408789255.000000
1 13 -720830435.000000
1 14 -1041876721.000000
1 15 -240400612.000000
1 16 -996354280.000000
1 17 351086943.000000
1 18 -566819358.000000
1 19 -295500217.000000
1 20 657519989.000000
1 21 -12400742.000000
1 22 -113365438.000000
1 23 -514929980.000000
1 24 -69084853.000000
1 25 679520253.000000
1 26 378849022.000000
1 27 26490996.000000
1 28 705046440.000000
1 29 -99255469.000000
1 30 408117833.000000
2 1 173642310.000000
2 2 -23980506.000000
2 3 686552891.000000
2 4 464795303.000000
2 5 -730858668.000000
2 6 64819361.000000
2 7 644782895.000000
2 8 663625100.000000
2 9 -483015221.000000
2 10 -548642090.000000
2 11 267165185.000000
2 12 -143049985.000000
2 13 940578342.000000
2 14 673060024.000000
2 15 -824037431.000000
2 16 -475071717.000000
2 17 -186156476.000000
2 18 151773144.000000
2 19 -359349831.000000
2 20 -868602656.000000
2 21 -11015489.000000
2 22 -453738384.000000
2 23 -266597794.000000
2 24 -1058244519.000000
2 25 -456074782.000000
2 26 -879733334.000000
2 27 -253243346.000000
2 28 51663729.000000
2 29 728891512.000000
2 30 -914572354.000000
3 1 470383145.000000
3 2 842205005.000000
3 3 874793255.000000
3 4 977181020.000000
3 5 -473537519.000000
3 6 -170694454.000000
3 7 176455611.000000
3 8 14529167.000000
3 9 -621434392.000000
3 10 912624261.000000
3 11 -999744297.000000
3 12 -790353954.000000
3 13 854927061.000000
3 14 -53976253.000000
3 15 -940793540.000000
3 16 5057678.000000
3 17 -894960137.000000
3 18 -619567374.000000
3 19 79341082.000000
3 20 -101788016.000000
3 21 793273344.000000
3 22 966603629.000000
3 23 -6605355.000000
3 24 652939756.000000
3 25 317034519.000000
3 26 492224223.000000
3 27 705499314.000000
3 28 1069746908.000000
3 29 503181669.000000
3 30 183700594.000000
4 1 -625609431.000000
4 2 -537779508.000000
4 3 298470864.000000
4 4 -121996547.000000
4 5 450909053.000000
4 6 -41344895.000000
4 7 901042960.000000
4 8 -225658327.000000
4 9 -183389690.000000
4 10 -591494788.000000
4 11 -551108356.000000
4 12 -381178184.000000
4 13 -518027890.000000
4 14 -596050695.000000
4 15 187173987.000000
4 16 -230351749.000000
4 17 391161695.000000
4 18 807155995.000000
4 19 216601463.000000
4 20 435998573.000000
4 21 613804444.000000
4 22 -300158283.000000
4 23 -321183981.000000
4 24 634711488.000000
4 25 1044695764.000000
4 26 375399273.000000
4 27 28618022.000000
4 28 -53249577.000000
4 29 535031757.000000
4 30 764701507.000000
5 1 -351407549.000000
5 2 -526655196.000000
5 3 433705359.000000
5 4 726462392.000000
5 5 -938602901.000000
5 6 315905352.000000
5 7 841667277.000000
5 8 427133347.000000
5 9 -207677295.000000
5 10 -771379093.000000
5 11 -209647515.000000
5 12 474871719.000000
5 13 -1027743069.000000
5 14 -1066796265.000000
5 15 -303865455.000000
5 16 -350598022.000000
5 17 194163211.000000
5 18 -874064566.000000
5 19 532459962.000000
5 20 490215882.000000
5 21 -836433168.000000
5 22 -504309717.000000
5 23 184532687.000000
5 24 474475738.000000
5 25 906938852.000000
5 26 82350755.000000
5 27 -1057821433.000000
5 28 212280679.000000
5 29 831025883.000000
5 30 -181632910.000000
6 1 1017419261.000000
6 2 -646769837.000000
6 3 301562252.000000
6 4 295354041.000000
6 5 -966833180.000000
6 6 443492186.000000
6 7 -142577038.000000
6 8 299463983.000000
6 9 -610514690.000000
6 10 -243537867.000000
6 11 -37107890.000000
6 12 -902058003.000000
6 13 345682996.000000
6 14 950840234.000000
6 15 -801496539.000000
6 16 412578255.000000
6 17 -21972781.000000
6 18 70648614.000000
6 19 -167209696.000000
6 20 762724848.000000
6 21 786622990.000000
6 22 863253595.000000
6 23 303643630.000000
6 24 917335735.000000
6 25 876587929.000000
6 26 -1071987767.000000
6 27 489389958.000000
6 28 314647693.000000
6 29 -968454713.000000
6 30 -1039809181.000000
7 1 149005816.000000
7 2 374808707.000000
7 3 840393495.000000
7 4 493515743.000000
7 5 937239484.000000
7 6 391448440.000000
7 7 -815971731.000000
7 8 -206321578.000000
7 9 539320056.000000
7 10 -176301198.000000
7 11 433189671.000000
7 12 649228764.000000
7 13 223417738.000000
7 14 -966984440.000000
7 15 48749013.000000
7 16 -1014100066.000000
7 17 597888574.000000
7 18 637270502.000000
7 19 -1043112525.000000
7 20 464278030.000000
7 21 -834731391.000000
7 22 180168911.000000
7 23 146936504.000000
7 24 -44379725.000000
7 25 -713220969.000000
7 26 148883168.000000
7 27 460947418.000000
7 28 -977752453.000000
7 29 -540619130.000000
7 30 -182415856.000000
8 1 743347721.000000
8 2 -614719802.000000
8 3 -51894900.000000
8 4 -319232021.000000
8 5 -918435144.000000
8 6 -27018975.000000
8 7 -988871711.000000
8 8 -590911047.000000
8 9 669892043.000000
8 10 -381202923.000000
8 11 -933816263.000000
8 12 -839448368.000000
8 13 358831411.000000
8 14 745435498.000000
8 15 114809885.000000
8 16 -978069861.000000
8 17 567155555.000000
8 18 -496504551.000000
8 19 369455182.000000
8 20 1058011994.000000
8 21 842977595.000000
8 22 974811503.000000
8 23 504179555.000000
8 24 -224698580.000000
8 25 914692610.000000
8 26 -596741006.000000
8 27 -677464755.000000
8 28 -191849294.000000
8 29 -1038138514.000000
8 30 310618674.000000
9 1 35299658.000000
9 2 575857031.000000
9 3 -279685415.000000
9 4 168924975.000000
9 5 148665088.000000
9 6 -1056839495.000000
9 7 -464156531.000000
9 8 729264631.000000
9 9 1061471385.000000
9 10 1002903663.000000
9 11 202710335.000000
9 12 1043527800.000000
9 13 72781148.000000
9 14 -832932757.000000
9 15 345039491.000000
9 16 872869934.000000
9 17 864179678.000000
9 18 835935082.000000
9 19 722896097.000000
9 20 -747780850.000000
9 21 -878452109.000000
9 22 -194531241.000000
9 23 -1016465156.000000
9 24 -497473410.000000
9 25 -881772502.000000
9 26 -165801570.000000
9 27 806778413.000000
9 28 313031730.000000
9 29 -210657443.000000
9 30 680880999.000000
10 1 -373413073.000000
10 2 -1006309780.000000
10 3 532722909.000000
10 4 614598817.000000
10 5 165966846.000000
10 6 -176485134.000000
10 7 -510739034.000000
10 8 -498815782.000000
10 9 179301411.000000
10 10 599249533.000000
10 11 -111411702.000000
10 12 109256267.000000
10 13 171552881.000000
10 14 -781275357.000000
10 15 967567903.000000
10 16 -979921413.000000
10 17 -487107851.000000
10 18 -613997796.000000
10 19 -802041940.000000
10 20 -164041764.000000
10 21 319066797.000000
10 22 288982217.000000
10 23 -683896798.000000
10 24 -921013645.000000
10 25 -414212342.000000
10 26 475143177.000000
10 27 -760315757.000000
10 28 1048246995.000000
10 29 -68603426.000000
10 30 180929254.000000
11 1 41119423.000000
11 2 -395600376.000000
11 3 -246156723.000000
11 4 1044935905.000000
11 5 116481766.000000
11 6 -796053305.000000
11 7 -444784728.000000
11 8 -106356692.000000
11 9 -830536543.000000
11 10 -183981104.000000
11 11 206028349.000000
11 12 974814276.000000
11 13 550785366.000000
11 14 -752364258.000000
11 15 -602379073.000000
11 16 -947176356.000000
11 17 103251516.000000
11 18 181434233.000000
11 19 -61633112.000000
11 20 -780603933.000000
11 21 -632710811.000000
11 22 368411064.000000
11 23 689389944.000000
11 24 902504840.000000
11 25 721838716.000000
11 26 808169506.000000
11 27 70811664.000000
11 28 425688007.000000
11 29 -877186558.000000
11 30 -399252054.000000
12 1 657116894.000000
12 2 -344767466.000000
12 3 -595929859.000000
12 4 70580992.000000
12 5 843750997.000000
12 6 -1059006612.000000
12 7 -379669951.000000
12 8 -938959623.000000
12 9 762929639.000000
12 10 -66421967.000000
12 11 337488668.000000
12 12 667722946.000000
12 13 -329994203.000000
12 14 737681977.000000
12 15 797884905.000000
12 16 -983785583.000000
12 17 -1007703631.000000
12 18 728589269.000000
12 19 448080486.000000
12 20 -336430230.000000
12 21 -58441462.000000
12 22 -825633558.000000
12 23 616109205.000000
12 24 -218745802.000000
12 25 31301047.000000
12 26 -56804989.000000
12 27 908764389.000000
12 28 699380056.000000
12 29 -844890889.000000
12 30 -919305862.000000
13 1 371209128.000000
13 2 471811358.000000
13 3 -923622868.000000
13 4 829733284.000000
13 5 -431507833.000000
13 6 -299881715.000000
13 7 32127101.000000
13 8 941782707.000000
13 9 -560013891.000000
13 10 267350361.000000
13 11 821719400.000000
13 12 170613540.000000
13 13 611089632.000000
13 14 -830846980.000000
13 15 1040955178.000000
13 16 -215603866.000000
13 17 -849271776.000000
13 18 613053974.000000
13 19 -28405691.000000
13 20 -673087406.000000
13 21 363811351.000000
13 22 691424845.000000
13 23 743347595.000000
13 24 -616837484.000000
13 25 863445725.000000
13 26 -762194754.000000
13 27 -467284526.000000
13 28 -303339806.000000
13 29 -105949867.000000
13 30 -435479709.000000
14 1 -483208590.000000
14 2 496372421.000000
14 3 -442697251.000000
14 4 618130895.000000
14 5 -599940324.000000
14 6 -761311206.000000
14 7 -649878819.000000
14 8 -411490694.000000
14 9 -1026759121.000000
14 10 438032242.000000
14 11 433940975.000000
14 12 391493210.000000
14 13 -63522341.000000
14 14 -320621031.000000
14 15 -641206097.000000
14 16 -677940036.000000
14 17 410037527.000000
14 18 225684663.000000
14 19 626002036.000000
14 20 693823996.000000
14 21 263689159.000000
14 22 -582560498.000000
14 23 -716351616.000000
14 24 -928293433.000000
14 25 -359041379.000000
14 26 20582814.000000
14 27 190479328.000000
14 28 -512060384.000000
14 29 915574885.000000
14 30 -800730610.000000
15 1 400645076.000000
15 2 -866933063.000000
15 3 132546651.000000
15 4 771013015.000000
15 5 499408704.000000
15 6 -951496398.000000
15 7 510749620.000000
15 8 676717878.000000
15 9 523972631.000000
15 10 -422435533.000000
15 11 -293074552.000000
15 12 623482351.000000
15 13 -852332506.000000
15 14 710972392.000000
15 15 713972033.000000
15 16 -410669208.000000
15 17 -104945801.000000
15 18 -740011623.000000
15 19 849927260.000000
15 20 -333769427.000000
15 21 -435482028.000000
15 22 -522184023.000000
15 23 418782325.000000
15 24 -976866994.000000
15 25 -691095246.000000
15 26 501238698.000000
15 27 -259558298.000000
15 28 -857035832.000000
15 29 -1028416398.000000
15 30 501465114.000000
16 1 -749151880.000000
16 2 -299033202.000000
16 3 -739300437.000000
16 4 -82071520.000000
16 5 -691543669.000000
16 6 -592955722.000000
16 7 664777670.000000
16 8 -439124054.000000
16 9 543310758.000000
16 10 323434259.000000
16 11 678472053.000000
16 12 -58379202.000000
16 13 220770262.000000
16 14 -365956985.000000
16 15 -245890290.000000
16 16 -919575605.000000
16 17 132605821.000000
16 18 -382000442.000000
16 19 694667433.000000
16 20 -593050711.000000
16 21 -931702453.000000
16 22 327617950.000000
16 23 126806339.000000
16 24 930353346.000000
16 25 620244012.000000
16 26 555478743.000000
16 27 819811689.000000
16 28 319969468.000000
16 29 427788185.000000
16 30 60766736.000000
17 1 -895692423.000000
17 2 -42196294.000000
17 3 -523518151.000000
17 4 -529070501.000000
17 5 641863517.000000
17 6 989762935.000000
17 7 537310480.000000
17 8 408493322.000000
17 9 42034992.000000
17 10 -40017722.000000
17 11 -415480546.000000
17 12 635275019.000000
17 13 -221456954.000000
17 14 -437874030.000000
17 15 77627656.000000
17 16 -982051387.000000
17 17 221641130.000000
17 18 -761664038.000000
17 19 -137475302.000000
17 20 144995055.000000
17 21 -462058363.000000
17 22 -514047792.000000
17 23 -274536666.000000
17 24 804603538.000000
17 25 267129604.000000
17 26 -741059852.000000
17 27 412211633.000000
17 28 258662206.000000
17 29 828786311.000000
17 30 832586132.000000
18 1 271668269.000000
18 2 378355158.000000
18 3 316053336.000000
18 4 -966132929.000000
18 5 -672291139.000000
18 6 861768938.000000
18 7 -1026666452.000000
18 8 -151963522.000000
18 9 -692866374.000000
18 10 798661460.000000
18 11 -817127580.000000
18 12 -305322898.000000
18 13 923961241.000000
18 14 562317627.000000
18 15 -203181861.000000
18 16 -378547500.000000
18 17 746205158.000000
18 18 165583623.000000
18 19 -174863154.000000
18 20 980075062.000000
18 21 921986141.000000
18 22 -420933368.000000
18 23 -815991161.000000
18 24 -532881588.000000
18 25 1013433718.000000
18 26 -1059797981.000000
18 27 -795306852.000000
18 28 -784051039.000000
18 29 -586162884.000000
18 30 1015372645.000000
19 1 -684506597.000000
19 2 -432487203.000000
19 3 419715871.000000
19 4 -319144901.000000
19 5 545790696.000000
19 6 -945920715.000000
19 7 -268026667.000000
19 8 696490734.000000
19 9 -13601862.000000
19 10 -973236455.000000
19 11 197831611.000000
19 12 651192118.000000
19 13 1009253711.000000
19 14 -446215279.000000
19 15 -527307232.000000
19 16 212354542.000000
19 17 -75042323.000000
19 18 -663430275.000000
19 19 -537545104.000000
19 20 -56868402.000000
19 21 -157017902.000000
19 22 257514846.000000
19 23 872459614.000000
19 24 410382379.000000
19 25 -420838714.000000
19 26 774858617.000000
19 27 707932108.000000
19 28 -991957274.000000
19 29 -910360860.000000
19 30 386002452.000000
20 1 -4895226.000000
20 2 -669693199.000000
20 3 -571810069.000000
20 4 -422517761.000000
20 5 472403099.000000
20 6 431833531.000000
20 7 -668579746.000000
20 8 962125326.000000
20 9 -111516231.000000
20 10 499921011.000000
20 11 -931087237.000000
20 12 -69864973.000000
20 13 452945295.000000
20 14 -177963953.000000
20 15 404553797.000000
20 16 402431374.000000
20 17 -909393635.000000
20 18 -537716149.000000
20 19 -784138070.000000
20 20 98590746.000000
20 21 -842715865.000000
20 22 -870899493.000000
20 23 40750698.000000
20 24 -150310510.000000
20 25 -827981101.000000
20 26 -184340350.000000
20 27 610631768.000000
20 28 63767360.000000
20 29 143671264.000000
20 30 911306417.000000
