20 45
1 1 -2848712128234674688.000000
1 2 279768974390844288.000000
1 3 -2710780403469616640.000000
1 4 1456463399054301440.000000
1 5 -400578257818586816.000000
1 6 -1878776270442469888.000000
1 7 2434700009909953536.000000
1 8 -34394866718134720.000000
1 9 -801417874446290688.000000
1 10 -761150917135325184.000000
1 11 1251199433320576512.000000
1 12 3275826027121061376.000000
1 13 -3494405911324730368.000000
1 14 -3231878179996181504.000000
1 15 -1372356777409778176.000000
1 16 -963739376060709248.000000
1 17 -1853839217667571200.000000
1 18 -882245107161531008.000000
1 19 -635085389300043264.000000
1 20 2346259669108021248.000000
1 21 1046911759851544576.000000
1 22 -1096835396238459264.000000
1 23 3562017023394476544.000000
1 24 1749758562627208960.000000
1 25 -126204993542907328.000000
1 26 3076737263868393472.000000
1 27 -2193020838577806848.000000
1 28 2011130905336044544.000000
1 29 -1094752909373904384.000000
1 30 1038033833093777792.000000
1 31 -6064574157001624576.000000
1 32 1648319531683600384.000000
1 33 -1554106547296672256.000000
1 34 17403370984205696.000000
1 35 -1166959555163909376.000000
1 36 60795161283008160.000000
1 37 -3054773340762329600.000000
1 38 2081522122803664640.000000
1 39 -1539278407683115264.000000
1 40 821917905567942912.000000
1 41 -968567613675759744.000000
1 42 -404032730047590976.000000
1 43 -2606956341204550656.000000
1 44 1902705094205176320.000000
1 45 1029875939146989312.000000
2 1 1046911759851544576.000000
2 2 -1096835396238459264.000000
2 3 3562017023394476544.000000
2 4 1749758562627208960.000000
2 5 -126204993542907328.000000
2 6 3076737263868393472.000000
2 7 -2193020838577806848.000000
2 8 2011130905336044544.000000
2 9 -1094752909373904384.000000
2 10 1038033833093777792.000000
2 11 -6064574157001624576.000000
2 12 1648319531683600384.000000
2 13 -1554106547296672256.000000
2 14 17403370984205696.000000
2 15 -1166959555163909376.000000
2 16 60795161283008160.000000
2 17 -3054773340762329600.000000
2 18 2081522122803664640.000000
2 19 -1539278407683115264.000000
2 20 821917905567942912.000000
2 21 -968567613675759744.000000
2 22 -404032730047590976.000000
2 23 -2606956341204550656.000000
2 24 1902705094205176320.000000
2 25 1029875939146989312.000000
2 26 1915880780486394112.000000
2 27 2387529867209801728.000000
2 28 -3019097679930564608.000000
2 29 -3167337765385908736.000000
2 30 2821328605183436800.000000
2 31 1997335921222513408.000000
2 32 4389553040116606976.000000
2 33 837163217551498496.000000
2 34 -2700818925477347328.000000
2 35 -1821827718206880512.000000
2 36 582689008821045248.000000
2 37 -8472031045233552.000000
2 38 4446634030060259328.000000
2 39 -3318383537694932480.000000
2 40 2728766582752400896.000000
2 41 1787266932583420928.000000
2 42 -1402700571279355648.000000
2 43 1351062009102672640.000000
2 44 -1476327034856198656.000000
2 45 1067209649976929408.000000
3 1 -968567613675759744.000000
3 2 -404032730047590976.000000
3 3 -2606956341204550656.000000
3 4 1902705094205176320.000000
3 5 1029875939146989312.000000
3 6 1915880780486394112.000000
3 7 2387529867209801728.000000
3 8 -3019097679930564608.000000
3 9 -3167337765385908736.000000
3 10 2821328605183436800.000000
3 11 1997335921222513408.000000
3 12 4389553040116606976.000000
3 13 837163217551498496.000000
3 14 -2700818925477347328.000000
3 15 -1821827718206880512.000000
3 16 582689008821045248.000000
3 17 -8472031045233552.000000
3 18 4446634030060259328.000000
3 19 -3318383537694932480.000000
3 20 2728766582752400896.000000
3 21 1787266932583420928.000000
3 22 -1402700571279355648.000000
3 23 1351062009102672640.000000
3 24 -1476327034856198656.000000
3 25 1067209649976929408.000000
3 26 -503483268412785792.000000
3 27 -5453040335944448.000000
3 28 2732866269166850048.000000
3 29 101304504026028544.000000
3 30 1659209179600454144.000000
3 31 412516711414545152.000000
3 32 1870208919342228224.000000
3 33 -1906809883068971520.000000
3 34 -2173583404687479808.000000
3 35 -59605035493960256.000000
3 36 1983877749827734528.000000
3 37 -1100465302396265344.000000
3 38 -1175356191560763392.000000
3 39 742673723858596736.000000
3 40 2503168411190566400.000000
3 41 -1374364320979010048.000000
3 42 447093158607563584.000000
3 43 -1855721008072951296.000000
3 44 1513554484317210880.000000
3 45 1838142807418566656.000000
4 1 1787266932583420928.000000
4 2 -1402700571279355648.000000
4 3 1351062009102672640.000000
4 4 -1476327034856198656.000000
4 5 1067209649976929408.000000
4 6 -503483268412785792.000000
4 7 -5453040335944448.000000
4 8 2732866269166850048.000000
4 9 101304504026028544.000000
4 10 1659209179600454144.000000
4 11 412516711414545152.000000
4 12 1870208919342228224.000000
4 13 -1906809883068971520.000000
4 14 -2173583404687479808.000000
4 15 -59605035493960256.000000
4 16 1983877749827734528.000000
4 17 -1100465302396265344.000000
4 18 -1175356191560763392.000000
4 19 742673723858596736.000000
4 20 2503168411190566400.000000
4 21 -1374364320979010048.000000
4 22 447093158607563584.000000
4 23 -1855721008072951296.000000
4 24 1513554484317210880.000000
4 25 1838142807418566656.000000
4 26 1053310031251368832.000000
4 27 2254515272850808064.000000
4 28 1307883566405097472.000000
4 29 1241526544374021632.000000
4 30 23494865047850976.000000
4 31 -4372990670137604608.000000
4 32 2151631218334091264.000000
4 33 -2990897050172441600.000000
4 34 -4619912190714341376.000000
4 35 -741497404303984896.000000
4 36 -2842758656771633152.000000
4 37 272096601555301760.000000
4 38 -766314749819662976.000000
4 39 -2329516040394398208.000000
4 40 -259984064549807552.000000
4 41 4097723738632089600.000000
4 42 -229276059864645120.000000
4 43 746695006476247168.000000
4 44 -349333322441206592.000000
4 45 -2421059669526414336.000000
5 1 -1374364320979010048.000000
5 2 447093158607563584.000000
5 3 -1855721008072951296.000000
5 4 1513554484317210880.000000
5 5 1838142807418566656.000000
5 6 1053310031251368832.000000
5 7 2254515272850808064.000000
5 8 1307883566405097472.000000
5 9 1241526544374021632.000000
5 10 23494865047850976.000000
5 11 -4372990670137604608.000000
5 12 2151631218334091264.000000
5 13 -2990897050172441600.000000
5 14 -4619912190714341376.000000
5 15 -741497404303984896.000000
5 16 -2842758656771633152.000000
5 17 272096601555301760.000000
5 18 -766314749819662976.000000
5 19 -2329516040394398208.000000
5 20 -259984064549807552.000000
5 21 4097723738632089600.000000
5 22 -229276059864645120.000000
5 23 746695006476247168.000000
5 24 -349333322441206592.000000
5 25 -2421059669526414336.000000
5 26 692766379709836928.000000
5 27 -4471451067891702784.000000
5 28 547610349787903808.000000
5 29 -937069703556808448.000000
5 30 -430628745531683456.000000
5 31 -3402949159929677312.000000
5 32 -1364491145975675648.000000
5 33 1361178613127016192.000000
5 34 -2268515243690406656.000000
5 35 1122263368225963136.000000
5 36 184314329772948128.000000
5 37 2895919464962228224.000000
5 38 1715483066828136192.000000
5 39 657220280210800896.000000
5 40 -2206220176847043840.000000
5 41 -642353213147929344.000000
5 42 -553841644157493376.000000
5 43 2797605319740180480.000000
5 44 -296297571795939520.000000
5 45 -3296405666950213632.000000
6 1 4097723738632089600.000000
6 2 -229276059864645120.000000
6 3 746695006476247168.000000
6 4 -349333322441206592.000000
6 5 -2421059669526414336.000000
6 6 692766379709836928.000000
6 7 -4471451067891702784.000000
6 8 547610349787903808.000000
6 9 -937069703556808448.000000
6 10 -430628745531683456.000000
6 11 -3402949159929677312.000000
6 12 -1364491145975675648.000000
6 13 1361178613127016192.000000
6 14 -2268515243690406656.000000
6 15 1122263368225963136.000000
6 16 184314329772948128.000000
6 17 2895919464962228224.000000
6 18 1715483066828136192.000000
6 19 657220280210800896.000000
6 20 -2206220176847043840.000000
6 21 -642353213147929344.000000
6 22 -553841644157493376.000000
6 23 2797605319740180480.000000
6 24 -296297571795939520.000000
6 25 -3296405666950213632.000000
6 26 -3230990337227414016.000000
6 27 3514135214020386816.000000
6 28 1883379552503207936.000000
6 29 1279618602516347648.000000
6 30 962381929158557696.000000
6 31 1405564153400874240.000000
6 32 -370244178147786368.000000
6 33 1109539284937440384.000000
6 34 -1049504095611170176.000000
6 35 593611002218472704.000000
6 36 -254812086763707520.000000
6 37 -2646441075229966848.000000
6 38 114157424016962512.000000
6 39 -1133708649303508608.000000
6 40 -244166583823372160.000000
6 41 1397214421457520128.000000
6 42 -1542820308528984064.000000
6 43 1884545404937744896.000000
6 44 2333776541252383232.000000
6 45 -3363520299502473728.000000
7 1 -642353213147929344.000000
7 2 -553841644157493376.000000
7 3 2797605319740180480.000000
7 4 -296297571795939520.000000
7 5 -3296405666950213632.000000
7 6 -3230990337227414016.000000
7 7 3514135214020386816.000000
7 8 1883379552503207936.000000
7 9 1279618602516347648.000000
7 10 962381929158557696.000000
7 11 1405564153400874240.000000
7 12 -370244178147786368.000000
7 13 1109539284937440384.000000
7 14 -1049504095611170176.000000
7 15 593611002218472704.000000
7 16 -254812086763707520.000000
7 17 -2646441075229966848.000000
7 18 114157424016962512.000000
7 19 -1133708649303508608.000000
7 20 -244166583823372160.000000
7 21 1397214421457520128.000000
7 22 -1542820308528984064.000000
7 23 1884545404937744896.000000
7 24 2333776541252383232.000000
7 25 -3363520299502473728.000000
7 26 -2069812734207410944.000000
7 27 -6387430726592690176.000000
7 28 -2808564044764845056.000000
7 29 -1628697088459516416.000000
7 30 -3604955483941258240.000000
7 31 -252842289783844480.000000
7 32 -4802706616464205824.000000
7 33 -819859082644340608.000000
7 34 -1327288790520970240.000000
7 35 4435143934544604160.000000
7 36 -1276892826714022656.000000
7 37 -566730714658536064.000000
7 38 489583323051781824.000000
7 39 1490426575996394240.000000
7 40 -1828261973289800192.000000
7 41 -2575342410278076416.000000
7 42 -228814645105405888.000000
7 43 1844777171371564800.000000
7 44 -2052953193477086208.000000
7 45 425409834895434496.000000
8 1 1397214421457520128.000000
8 2 -1542820308528984064.000000
8 3 1884545404937744896.000000
8 4 2333776541252383232.000000
8 5 -3363520299502473728.000000
8 6 -2069812734207410944.000000
8 7 -6387430726592690176.000000
8 8 -2808564044764845056.000000
8 9 -1628697088459516416.000000
8 10 -3604955483941258240.000000
8 11 -252842289783844480.000000
8 12 -4802706616464205824.000000
8 13 -819859082644340608.000000
8 14 -1327288790520970240.000000
8 15 4435143934544604160.000000
8 16 -1276892826714022656.000000
8 17 -566730714658536064.000000
8 18 489583323051781824.000000
8 19 1490426575996394240.000000
8 20 -1828261973289800192.000000
8 21 -2575342410278076416.000000
8 22 -228814645105405888.000000
8 23 1844777171371564800.000000
8 24 -2052953193477086208.000000
8 25 425409834895434496.000000
8 26 -1532560794755011584.000000
8 27 1064739420962508928.000000
8 28 1327124268896633600.000000
8 29 1729283831466648064.000000
8 30 1403731398711943680.000000
8 31 186332764074058240.000000
8 32 54801446560046576.000000
8 33 543900400444611712.000000
8 34 864489917734164480.000000
8 35 -2415354866171935744.000000
8 36 142438849514023904.000000
8 37 -2713028583623168512.000000
8 38 -2931656284926731264.000000
8 39 4464861274494145024.000000
8 40 -3147227951459139584.000000
8 41 -1054327099848317440.000000
8 42 593613935653119616.000000
8 43 1085494217730023808.000000
8 44 -606917773198096768.000000
8 45 -539693774343872064.000000
9 1 -2575342410278076416.000000
9 2 -228814645105405888.000000
9 3 1844777171371564800.000000
9 4 -2052953193477086208.000000
9 5 425409834895434496.000000
9 6 -1532560794755011584.000000
9 7 1064739420962508928.000000
9 8 1327124268896633600.000000
9 9 1729283831466648064.000000
9 10 1403731398711943680.000000
9 11 186332764074058240.000000
9 12 54801446560046576.000000
9 13 543900400444611712.000000
9 14 864489917734164480.000000
9 15 -2415354866171935744.000000
9 16 142438849514023904.000000
9 17 -2713028583623168512.000000
9 18 -2931656284926731264.000000
9 19 4464861274494145024.000000
9 20 -3147227951459139584.000000
9 21 -1054327099848317440.000000
9 22 593613935653119616.000000
9 23 1085494217730023808.000000
9 24 -606917773198096768.000000
9 25 -539693774343872064.000000
9 26 -1816946519130668288.000000
9 27 1984575890088576512.000000
9 28 444678694159368000.000000
9 29 -1589450840401244416.000000
9 30 1341715873818865664.000000
9 31 2562515858867984896.000000
9 32 1062933829964034048.000000
9 33 -3537363739017027584.000000
9 34 23146556063870560.000000
9 35 -137317999293493360.000000
9 36 2886816429433181696.000000
9 37 -249929267618499328.000000
9 38 -189871448945694528.000000
9 39 -1406251839968817408.000000
9 40 -1970317130584500224.000000
9 41 1856005757607415296.000000
9 42 -1330721418664430336.000000
9 43 1593922094410859776.000000
9 44 -278855105214668288.000000
9 45 220778218019031904.000000
10 1 -1054327099848317440.000000
10 2 593613935653119616.000000
10 3 1085494217730023808.000000
10 4 -606917773198096768.000000
10 5 -539693774343872064.000000
10 6 -1816946519130668288.000000
10 7 1984575890088576512.000000
10 8 444678694159368000.000000
10 9 -1589450840401244416.000000
10 10 1341715873818865664.000000
10 11 2562515858867984896.000000
10 12 1062933829964034048.000000
10 13 -3537363739017027584.000000
10 14 23146556063870560.000000
10 15 -137317999293493360.000000
10 16 2886816429433181696.000000
10 17 -249929267618499328.000000
10 18 -189871448945694528.000000
10 19 -1406251839968817408.000000
10 20 -1970317130584500224.000000
10 21 1856005757607415296.000000
10 22 -1330721418664430336.000000
10 23 1593922094410859776.000000
10 24 -278855105214668288.000000
10 25 220778218019031904.000000
10 26 -234548625317265472.000000
10 27 -264519084259803776.000000
10 28 -269479158926838208.000000
10 29 -470636141582074368.000000
10 30 4133597093362555392.000000
10 31 1387406385922836480.000000
10 32 1026333571876081536.000000
10 33 2006907086168346368.000000
10 34 -1290585222561765376.000000
10 35 2862751026523077120.000000
10 36 -7649007006226882.000000
10 37 -3076641706787387392.000000
10 38 2223025476678277376.000000
10 39 -1401473438776316672.000000
10 40 -1253764044537636096.000000
10 41 1183167848757694464.000000
10 42 -2205604563878832128.000000
10 43 -491011132311965824.000000
10 44 151383623289899520.000000
10 45 -239372237687458976.000000
11 1 1856005757607415296.000000
11 2 -1330721418664430336.000000
11 3 1593922094410859776.000000
11 4 -278855105214668288.000000
11 5 220778218019031904.000000
11 6 -234548625317265472.000000
11 7 -264519084259803776.000000
11 8 -269479158926838208.000000
11 9 -470636141582074368.000000
11 10 4133597093362555392.000000
11 11 1387406385922836480.000000
11 12 1026333571876081536.000000
11 13 2006907086168346368.000000
11 14 -1290585222561765376.000000
11 15 2862751026523077120.000000
11 16 -7649007006226882.000000
11 17 -3076641706787387392.000000
11 18 2223025476678277376.000000
11 19 -1401473438776316672.000000
11 20 -1253764044537636096.000000
11 21 1183167848757694464.000000
11 22 -2205604563878832128.000000
11 23 -491011132311965824.000000
11 24 151383623289899520.000000
11 25 -239372237687458976.000000
11 26 -4745835559436082176.000000
11 27 318923212058276288.000000
11 28 933169973263442176.000000
11 29 -2082045623907940864.000000
11 30 -607319399828456960.000000
11 31 4931045041383930880.000000
11 32 -55761647662410912.000000
11 33 -1425691415075995136.000000
11 34 4160445684873066496.000000
11 35 4841931408005110784.000000
11 36 -859585108562920960.000000
11 37 -2836665168857270784.000000
11 38 -2037554871459539456.000000
11 39 2316892084707128320.000000
11 40 2639421732871258112.000000
11 41 -2105965843733640192.000000
11 42 555760735193228736.000000
11 43 3733512916856859648.000000
11 44 -993397026193501952.000000
11 45 674894200066221056.000000
12 1 1183167848757694464.000000
12 2 -2205604563878832128.000000
12 3 -491011132311965824.000000
12 4 151383623289899520.000000
12 5 -239372237687458976.000000
12 6 -4745835559436082176.000000
12 7 318923212058276288.000000
12 8 933169973263442176.000000
12 9 -2082045623907940864.000000
12 10 -607319399828456960.000000
12 11 4931045041383930880.000000
12 12 -55761647662410912.000000
12 13 -1425691415075995136.000000
12 14 4160445684873066496.000000
12 15 4841931408005110784.000000
12 16 -859585108562920960.000000
12 17 -2836665168857270784.000000
12 18 -2037554871459539456.000000
12 19 2316892084707128320.000000
12 20 2639421732871258112.000000
12 21 -2105965843733640192.000000
12 22 555760735193228736.000000
12 23 3733512916856859648.000000
12 24 -993397026193501952.000000
12 25 674894200066221056.000000
12 26 -2487991457183320576.000000
12 27 -963755822752527360.000000
12 28 -980590431854326272.000000
12 29 4187364265502080000.000000
12 30 -698769595307131648.000000
12 31 2477908854977379840.000000
12 32 -140489945128705216.000000
12 33 -2257084312269979904.000000
12 34 3233912933210348032.000000
12 35 -1012619595979122944.000000
12 36 1063797311621694592.000000
12 37 -2270679064162087936.000000
12 38 23002829742649032.000000
12 39 17629929040471200.000000
12 40 -287900548326181536.000000
12 41 1849535121258435584.000000
12 42 -3794709297964747776.000000
12 43 176161018425439424.000000
12 44 706699646870083328.000000
12 45 2646742667818007040.000000
13 1 -2105965843733640192.000000
13 2 555760735193228736.000000
13 3 3733512916856859648.000000
13 4 -993397026193501952.000000
13 5 674894200066221056.000000
13 6 -2487991457183320576.000000
13 7 -963755822752527360.000000
13 8 -980590431854326272.000000
13 9 4187364265502080000.000000
13 10 -698769595307131648.000000
13 11 2477908854977379840.000000
13 12 -140489945128705216.000000
13 13 -2257084312269979904.000000
13 14 3233912933210348032.000000
13 15 -1012619595979122944.000000
13 16 1063797311621694592.000000
13 17 -2270679064162087936.000000
13 18 23002829742649032.000000
13 19 17629929040471200.000000
13 20 -287900548326181536.000000
13 21 1849535121258435584.000000
13 22 -3794709297964747776.000000
13 23 176161018425439424.000000
13 24 706699646870083328.000000
13 25 2646742667818007040.000000
13 26 2620649665679532032.000000
13 27 -1657116064592934656.000000
13 28 -5368882505333515264.000000
13 29 991071015939843456.000000
13 30 1943772104402010624.000000
13 31 3085025100633435136.000000
13 32 1580342811657357056.000000
13 33 1932724396409554432.000000
13 34 -2311733091613676032.000000
13 35 1053675369693965056.000000
13 36 -2344357491155462656.000000
13 37 -2436280687636847616.000000
13 38 -761782253172261120.000000
13 39 561004275266264768.000000
13 40 -2749252926042148352.000000
13 41 -1061003252231525760.000000
13 42 1859195336059527168.000000
13 43 -919924407214789632.000000
13 44 1705411097037983232.000000
13 45 233422718734885120.000000
14 1 1849535121258435584.000000
14 2 -3794709297964747776.000000
14 3 176161018425439424.000000
14 4 706699646870083328.000000
14 5 2646742667818007040.000000
14 6 2620649665679532032.000000
14 7 -1657116064592934656.000000
14 8 -5368882505333515264.000000
14 9 991071015939843456.000000
14 10 1943772104402010624.000000
14 11 3085025100633435136.000000
14 12 1580342811657357056.000000
14 13 1932724396409554432.000000
14 14 -2311733091613676032.000000
14 15 1053675369693965056.000000
14 16 -2344357491155462656.000000
14 17 -2436280687636847616.000000
14 18 -761782253172261120.000000
14 19 561004275266264768.000000
14 20 -2749252926042148352.000000
14 21 -1061003252231525760.000000
14 22 1859195336059527168.000000
14 23 -919924407214789632.000000
14 24 1705411097037983232.000000
14 25 233422718734885120.000000
14 26 -2954080247244729856.000000
14 27 341168136709507136.000000
14 28 -345209305873388736.000000
14 29 -827671236805850496.000000
14 30 4302091595214713344.000000
14 31 962846216977939584.000000
14 32 -1028206189954677504.000000
14 33 -650261024849238144.000000
14 34 1769271094167881728.000000
14 35 2434435907730426368.000000
14 36 -648725731426650368.000000
14 37 -1883791092511079936.000000
14 38 -615947395298155008.000000
14 39 1156810087149740544.000000
14 40 3206059641519776768.000000
14 41 -2625096239747937792.000000
14 42 -833236428463000064.000000
14 43 -1506678618720477440.000000
14 44 2207059853766295296.000000
14 45 2664167851355323904.000000
15 1 -1061003252231525760.000000
15 2 1859195336059527168.000000
15 3 -919924407214789632.000000
15 4 1705411097037983232.000000
15 5 233422718734885120.000000
15 6 -2954080247244729856.000000
15 7 341168136709507136.000000
15 8 -345209305873388736.000000
15 9 -827671236805850496.000000
15 10 4302091595214713344.000000
15 11 962846216977939584.000000
15 12 -1028206189954677504.000000
15 13 -650261024849238144.000000
15 14 1769271094167881728.000000
15 15 2434435907730426368.000000
15 16 -648725731426650368.000000
15 17 -1883791092511079936.000000
15 18 -615947395298155008.000000
15 19 1156810087149740544.000000
15 20 3206059641519776768.000000
15 21 -2625096239747937792.000000
15 22 -833236428463000064.000000
15 23 -1506678618720477440.000000
15 24 2207059853766295296.000000
15 25 2664167851355323904.000000
15 26 -1441936608805747968.000000
15 27 1173128818832136192.000000
15 28 -2551510161549948416.000000
15 29 -1912660681750148096.000000
15 30 -2221409464724317184.000000
15 31 2432172784760998400.000000
15 32 195429367727269856.000000
15 33 842581239047315968.000000
15 34 -1593233775906582272.000000
15 35 1508858906433882112.000000
15 36 -671510198003809152.000000
15 37 1640531501294068992.000000
15 38 -1931532665300477952.000000
15 39 299128911041052416.000000
15 40 1398528566856518656.000000
15 41 -5579598568358026240.000000
15 42 3831710603927485952.000000
15 43 1236917695976601856.000000
15 44 1255319536205115392.000000
15 45 -2073785066717009408.000000
16 1 -2625096239747937792.000000
16 2 -833236428463000064.000000
16 3 -1506678618720477440.000000
16 4 2207059853766295296.000000
16 5 2664167851355323904.000000
16 6 -1441936608805747968.000000
16 7 1173128818832136192.000000
16 8 -2551510161549948416.000000
16 9 -1912660681750148096.000000
16 10 -2221409464724317184.000000
16 11 2432172784760998400.000000
16 12 195429367727269856.000000
16 13 842581239047315968.000000
16 14 -1593233775906582272.000000
16 15 1508858906433882112.000000
16 16 -671510198003809152.000000
16 17 1640531501294068992.000000
16 18 -1931532665300477952.000000
16 19 299128911041052416.000000
16 20 1398528566856518656.000000
16 21 -5579598568358026240.000000
16 22 3831710603927485952.000000
16 23 1236917695976601856.000000
16 24 1255319536205115392.000000
16 25 -2073785066717009408.000000
16 26 -1845115001520534272.000000
16 27 2008560963434987776.000000
16 28 2049999886417527040.000000
16 29 1172847244152968704.000000
16 30 -2899688543337712640.000000
16 31 -2325885391959409664.000000
16 32 -3291897904393363456.000000
16 33 -412440162603627200.000000
16 34 -757264093712667648.000000
16 35 -1191407228444920320.000000
16 36 500151741410919168.000000
16 37 2587154211718763520.000000
16 38 -5061693321439366144.000000
16 39 -3160171476038672896.000000
16 40 -1053766514880213120.000000
16 41 1467396749833600256.000000
16 42 360722670934904640.000000
16 43 -768270350370921856.000000
16 44 858039783886543232.000000
16 45 -2922628114021297152.000000
17 1 -5579598568358026240.000000
17 2 3831710603927485952.000000
17 3 1236917695976601856.000000
17 4 1255319536205115392.000000
17 5 -2073785066717009408.000000
17 6 -1845115001520534272.000000
17 7 2008560963434987776.000000
17 8 2049999886417527040.000000
17 9 1172847244152968704.000000
17 10 -2899688543337712640.000000
17 11 -2325885391959409664.000000
17 12 -3291897904393363456.000000
17 13 -412440162603627200.000000
17 14 -757264093712667648.000000
17 15 -1191407228444920320.000000
17 16 500151741410919168.000000
17 17 2587154211718763520.000000
17 18 -5061693321439366144.000000
17 19 -3160171476038672896.000000
17 20 -1053766514880213120.000000
17 21 1467396749833600256.000000
17 22 360722670934904640.000000
17 23 -768270350370921856.000000
17 24 858039783886543232.000000
17 25 -2922628114021297152.000000
17 26 1477885473311030016.000000
17 27 -2923231298611131392.000000
17 28 -4909620272452668416.000000
17 29 -300953971189134272.000000
17 30 -249289372276088384.000000
17 31 2045121018363241472.000000
17 32 -3877542225344118784.000000
17 33 3645448430296384512.000000
17 34 -957927941049149440.000000
17 35 1058290426784016384.000000
17 36 1301683650148990976.000000
17 37 1556202379365283072.000000
17 38 -1640307997209212160.000000
17 39 -170803063642624352.000000
17 40 -4211650792647928320.000000
17 41 -1010535437974363392.000000
17 42 -1006093856653869568.000000
17 43 -222337476799047360.000000
17 44 877414650357263104.000000
17 45 2282383028867455488.000000
18 1 1467396749833600256.000000
18 2 360722670934904640.000000
18 3 -768270350370921856.000000
18 4 858039783886543232.000000
18 5 -2922628114021297152.000000
18 6 1477885473311030016.000000
18 7 -2923231298611131392.000000
18 8 -4909620272452668416.000000
18 9 -300953971189134272.000000
18 10 -249289372276088384.000000
18 11 2045121018363241472.000000
18 12 -3877542225344118784.000000
18 13 3645448430296384512.000000
18 14 -957927941049149440.000000
18 15 1058290426784016384.000000
18 16 1301683650148990976.000000
18 17 1556202379365283072.000000
18 18 -1640307997209212160.000000
18 19 -170803063642624352.000000
18 20 -4211650792647928320.000000
18 21 -1010535437974363392.000000
18 22 -1006093856653869568.000000
18 23 -222337476799047360.000000
18 24 877414650357263104.000000
18 25 2282383028867455488.000000
18 26 2537820898417141248.000000
18 27 4930182558420373504.000000
18 28 -390173540831451008.000000
18 29 -3832213465511522304.000000
18 30 -948614935370634752.000000
18 31 -248149012493570432.000000
18 32 907042616395099008.000000
18 33 -590928060155692160.000000
18 34 -3387576162510747648.000000
18 35 61309605850769152.000000
18 36 -109140420958819920.000000
18 37 1632151122661654272.000000
18 38 -1775715407082912000.000000
18 39 -2408326833442421760.000000
18 40 -609569279453916160.000000
18 41 -2377279635109997568.000000
18 42 121409787960725504.000000
18 43 2119225506255504384.000000
18 44 -885722349486040064.000000
18 45 -1382954384279506432.000000
19 1 -1010535437974363392.000000
19 2 -1006093856653869568.000000
19 3 -222337476799047360.000000
19 4 877414650357263104.000000
19 5 2282383028867455488.000000
19 6 2537820898417141248.000000
19 7 4930182558420373504.000000
19 8 -390173540831451008.000000
19 9 -3832213465511522304.000000
19 10 -948614935370634752.000000
19 11 -248149012493570432.000000
19 12 907042616395099008.000000
19 13 -590928060155692160.000000
19 14 -3387576162510747648.000000
19 15 61309605850769152.000000
19 16 -109140420958819920.000000
19 17 1632151122661654272.000000
19 18 -1775715407082912000.000000
19 19 -2408326833442421760.000000
19 20 -609569279453916160.000000
19 21 -2377279635109997568.000000
19 22 121409787960725504.000000
19 23 2119225506255504384.000000
19 24 -885722349486040064.000000
19 25 -1382954384279506432.000000
19 26 -483922102707307392.000000
19 27 998283866353203712.000000
19 28 346659834477345024.000000
19 29 2481720232316357632.000000
19 30 122344189762157376.000000
19 31 817791213651900032.000000
19 32 -2879690450406152192.000000
19 33 -1725858838039235328.000000
19 34 2008306525308400384.000000
19 35 -3079465354520217600.000000
19 36 1290481280010122240.000000
19 37 135492845811233504.000000
19 38 761013507499033472.000000
19 39 -762242696184430208.000000
19 40 -2002382469637794560.000000
19 41 0.000000
19 42 0.000000
19 43 0.000000
19 44 0.000000
19 45 -616599144359834240.000000
20 1 -2377279635109997568.000000
20 2 121409787960725504.000000
20 3 2119225506255504384.000000
20 4 -885722349486040064.000000
20 5 -1382954384279506432.000000
20 6 -483922102707307392.000000
20 7 998283866353203712.000000
20 8 346659834477345024.000000
20 9 2481720232316357632.000000
20 10 122344189762157376.000000
20 11 817791213651900032.000000
20 12 -2879690450406152192.000000
20 13 -1725858838039235328.000000
20 14 2008306525308400384.000000
20 15 -3079465354520217600.000000
20 16 1290481280010122240.000000
20 17 135492845811233504.000000
20 18 761013507499033472.000000
20 19 -762242696184430208.000000
20 20 -2002382469637794560.000000
20 21 0.000000
20 22 0.000000
20 23 0.000000
20 24 0.000000
20 25 -616599144359834240.000000
20 26 3158039865138455552.000000
20 27 0.000000
20 28 0.000000
20 29 0.000000
20 30 1052955556676974720.000000
20 31 593919196321495296.000000
20 32 -803577527745800064.000000
20 33 0.000000
20 34 0.000000
20 35 0.000000
20 36 0.000000
20 37 -1678235389573642752.000000
20 38 -575236350980863232.000000
20 39 0.000000
20 40 0.000000
20 41 0.000000
20 42 0.000000
20 43 -4321444419974960128.000000
20 44 -305238989546209024.000000
20 45 0.000000
