6 10
1 1 1710326.289000
1 2 1385324.128000
1 3 124918.522000
1 4 1414076.135000
1 5 176079.596000
1 6 137304.406000
1 7 1277714.764000
1 8 1863052.195000
1 9 2006668.105000
1 10 1987648.247000
2 1 148474.597000
2 2 36553.965000
2 3 182166.713000
2 4 1511748.416000
2 5 1076600.055000
2 6 1867398.410000
2 7 2039059.612000
2 8 930860.058000
2 9 546626.411000
2 10 215047.811000
3 1 93581.576000
3 2 867518.228000
3 3 1112378.513000
3 4 1900520.856000
3 5 382261.314000
3 6 1542316.221000
3 7 1581107.057000
3 8 703659.021000
3 9 204721.918000
3 10 492473.332000
4 1 597315.386000
4 2 1741126.424000
4 3 1499634.146000
4 4 1483010.630000
4 5 1264451.328000
4 6 135298.984000
4 7 1932325.562000
4 8 200526.953000
4 9 854656.928000
4 10 1848357.760000
5 1 1997918.465000
5 2 961336.763000
5 3 1667499.360000
5 4 1000150.170000
5 5 1169402.121000
5 6 371110.303000
5 7 958351.633000
5 8 888543.331000
5 9 146482.879000
5 10 921487.891000
6 1 1942405.520000
6 2 2110656.593000
6 3 1670477.405000
6 4 1660028.604000
6 5 2140689.251000
6 6 1770703.366000
6 7 383092.236000
6 8 475236.746000
6 9 812306.829000
6 10 887331.024000
