8 10
1 1 5500088110629.001000
1 2 6611660867213.887700
1 3 4413907269320.815400
1 4 7095880420376.957000
1 5 4263723595860.028300
1 6 2272517045982.703600
1 7 7659356285960.823200
1 8 4718607281669.395500
1 9 5554185549654.924800
1 10 7623594615558.411100
2 1 7737897040753.693400
2 2 8376003957381.035200
2 3 6157102522831.873000
2 4 7706683850237.293000
2 5 6218962167436.185500
2 6 3801071301926.117200
2 7 6067083618807.182600
2 8 4514069306483.052700
2 9 5420640599240.749000
2 10 7398995953779.677700
3 1 2751038133882.709000
3 2 2638869646571.645500
3 3 3315433709032.478500
3 4 4071642730503.168000
3 5 2962091841653.143600
3 6 3015031760575.945800
3 7 3963967422054.923800
3 8 2111987168758.351800
3 9 1158366808981.345900
3 10 2207616804501.976600
4 1 7241903544068.135700
4 2 8370302781576.333000
4 3 7259808859497.578100
4 4 10779183584764.578000
4 5 6780548169359.056600
4 6 7838134867780.749000
4 7 8577408984354.179700
4 8 5821821408053.174800
4 9 4987058972927.565400
4 10 6541818393688.544900
5 1 4848774905214.949200
5 2 7443637898349.540000
5 3 6011288883761.252000
5 4 9229092993327.550800
5 5 4951653400938.376000
5 6 5807931000157.472700
5 7 7731488354192.108400
5 8 4416579089394.788100
5 9 4448672109591.096700
5 10 6190495892771.899400
6 1 9111877525937.613300
6 2 11005259647982.240000
6 3 8751327901853.497100
6 4 13956194942446.758000
6 5 8260155436038.285200
6 6 8480556752708.370100
6 7 12689705628073.482000
6 8 8078337824626.467800
6 9 7737105532007.076200
6 10 10246146997497.922000
7 1 8962870850320.146500
7 2 9984758273960.343700
7 3 8413965811021.280300
7 4 11417544297667.969000
7 5 6335892561392.245100
7 6 4657157010384.605500
7 7 11033770691724.738000
7 8 7241082626114.604500
7 9 6730182461322.659200
7 10 10348976977820.309000
8 1 4083914251641.828100
8 2 4526873489858.489300
8 3 5346216578253.665000
8 4 8016554040595.427700
8 5 4625269958935.552700
8 6 6147528000838.208000
8 7 7807787990415.811500
8 8 4277823699638.062000
8 9 2451803903937.880900
8 10 3896398867036.938000
