8 6
1 1 1709637.202000
1 2 541257.154000
1 3 168258.586000
1 4 1833575.450000
1 5 512253.700000
1 6 185995.077000
2 1 1430552.754000
2 2 73224.666000
2 3 178831.731000
2 4 1295280.764000
2 5 742070.909000
2 6 1548229.434000
3 1 32746.539000
3 2 615267.341000
3 3 664439.882000
3 4 326132.374000
3 5 928542.674000
3 6 253059.169000
4 1 1147832.323000
4 2 772251.660000
4 3 1989970.799000
4 4 528900.415000
4 5 794459.972000
4 6 1582916.005000
5 1 1041876.999000
5 2 245064.555000
5 3 2073824.586000
5 4 1110226.092000
5 5 84519.461000
5 6 1031890.360000
6 1 2050830.995000
6 2 1203998.615000
6 3 2013800.271000
6 4 1598877.977000
6 5 879284.528000
6 6 1300087.089000
7 1 2065080.245000
7 2 172974.901000
7 3 1643786.716000
7 4 1893700.804000
7 5 1721764.288000
7 6 350245.091000
8 1 316568.010000
8 2 1241550.451000
8 3 1787315.705000
8 4 413799.699000
8 5 1179492.107000
8 6 302296.892000
